0 0.11658653846153846 0.7692307692307693 0.2127403846153846 0.203125
0 0.12980769230769232 0.47115384615384615 0.23317307692307693 0.23557692307692307
0 0.1310096153846154 0.1658653846153846 0.2512019230769231 0.23918269230769232
0 0.38822115384615385 0.171875 0.27403846153846156 0.23557692307692307
0 0.6358173076923077 0.17307692307692307 0.2512019230769231 0.21033653846153846
0 0.36658653846153844 0.4735576923076923 0.3233173076923077 0.18870192307692307
0 0.6418269230769231 0.484375 0.27403846153846156 0.203125
0 0.3425480769230769 0.7728365384615384 0.32572115384615385 0.16826923076923078
0 0.6334134615384616 0.7572115384615384 0.27163461538461536 0.19951923076923078
0 0.8822115384615384 0.7644230769230769 0.19951923076923078 0.23557692307692307
0 0.8617788461538461 0.47836538461538464 0.24158653846153846 0.2283653846153846
0 0.859375 0.16466346153846154 0.23557692307692307 0.23557692307692307