0 0.19831730769230768 0.13341346153846154 0.08173076923076923 0.2620192307692308
0 0.07451923076923077 0.4326923076923077 0.0625 0.1622596153846154
0 0.18389423076923078 0.27403846153846156 0 0.004807692307692308
0 0.2403846153846154 0.3425480769230769 0.1310096153846154 0.16706730769230768
0 0.11658653846153846 0.4795673076923077 0.018028846153846152 0.0625
0 0.18870192307692307 0.5168269230769231 0.03245192307692308 0.09975961538461539
0 0.08173076923076923 0.27524038461538464 0.038461538461538464 0.06971153846153846
0 0.013221153846153846 0.34975961538461536 0.019230769230769232 0.16706730769230768
0 0.26322115384615385 0.49399038461538464 0.02403846153846154 0.07211538461538461
0 0.140625 0.4326923076923077 0.010817307692307692 0.08052884615384616
0 0.17427884615384615 0.43990384615384615 0.027644230769230768 0.08533653846153846
0 0.22716346153846154 0.5 0.010817307692307692 0.05048076923076923
0 0.21033653846153846 0.3701923076923077 0.046875 0.14543269230769232
0 0.24278846153846154 0.53125 0.026442307692307692 0.0829326923076923