0 0.20432692307692307 0.20673076923076922 0.3701923076923077 0.39302884615384615
0 0.2403846153846154 0.5661057692307693 0.4411057692307692 0.3245192307692308
0 0.14423076923076922 0.8137019230769231 0.2824519230769231 0.171875
0 0.7728365384615384 0.40024038461538464 0.34975961538461536 0.25721153846153844
0 0.7800480769230769 0.14423076923076922 0.42427884615384615 0.23197115384615385
0 0.4855769230769231 0.109375 0.12139423076923077 0.11778846153846154
0 0.47716346153846156 0.2932692307692308 0.27524038461538464 0.24278846153846154
0 0.36899038461538464 0.8173076923076923 0.15144230769230768 0.12139423076923077
0 0.6081730769230769 0.6262019230769231 0.2776442307692308 0.15384615384615385
0 0.5793269230769231 0.8052884615384616 0.22115384615384615 0.18269230769230768
0 0.8978365384615384 0.6057692307692307 0.17427884615384615 0.18870192307692307
0 0.8629807692307693 0.7896634615384616 0.26802884615384615 0.22115384615384615