0 0.08173076923076923 0.08413461538461539 0.15745192307692307 0.16346153846153846
0 0.08533653846153846 0.22355769230769232 0.16826923076923078 0.140625
0 0.09014423076923077 0.3581730769230769 0.17668269230769232 0.17548076923076922
0 0.078125 0.5120192307692307 0.15384615384615385 0.1658653846153846
0 0.26802884615384615 0.5228365384615384 0.20432692307692307 0.14903846153846154
0 0.2644230769230769 0.36538461538461536 0.22235576923076922 0.14182692307692307
0 0.2644230769230769 0.2283653846153846 0.17548076923076922 0.13581730769230768
0 0.25841346153846156 0.06971153846153846 0.1658653846153846 0.13581730769230768
0 0.4170673076923077 0.06610576923076923 0.12980769230769232 0.12379807692307693
0 0.43149038461538464 0.20072115384615385 0.1502403846153846 0.12620192307692307
0 0.6045673076923077 0.07451923076923077 0.1502403846153846 0.1310096153846154
0 0.6105769230769231 0.2127403846153846 0.16105769230769232 0.13581730769230768
0 0.4362980769230769 0.3449519230769231 0.13221153846153846 0.16346153846153846
0 0.6189903846153846 0.3485576923076923 0.15384615384615385 0.14182692307692307
0 0.4483173076923077 0.5072115384615384 0.15865384615384615 0.16105769230769232
0 0.609375 0.5120192307692307 0.12980769230769232 0.13341346153846154