0 0.11658653846153846 0.12860576923076922 0.22355769230769232 0.25
0 0.12139423076923077 0.3425480769230769 0.23798076923076922 0.21394230769230768
0 0.12860576923076922 0.5480769230769231 0.2512019230769231 0.26802884615384615
0 0.11177884615384616 0.7836538461538461 0.21754807692307693 0.2536057692307692
0 0.38100961538461536 0.8004807692307693 0.28966346153846156 0.2283653846153846
0 0.3762019230769231 0.5588942307692307 0.31490384615384615 0.21754807692307693
0 0.3762019230769231 0.34975961538461536 0.24879807692307693 0.20673076923076922
0 0.36658653846153844 0.10697115384615384 0.23557692307692307 0.20673076923076922
0 0.5925480769230769 0.10216346153846154 0.18509615384615385 0.18870192307692307
0 0.6117788461538461 0.3076923076923077 0.2127403846153846 0.19230769230769232
0 0.8581730769230769 0.1141826923076923 0.2127403846153846 0.19951923076923078
0 0.8653846153846154 0.3245192307692308 0.2283653846153846 0.20673076923076922
0 0.6189903846153846 0.5288461538461539 0.1875 0.25
0 0.8786057692307693 0.5336538461538461 0.21754807692307693 0.21754807692307693
0 0.6358173076923077 0.7764423076923077 0.22596153846153846 0.24639423076923078
0 0.8641826923076923 0.7836538461538461 0.18509615384615385 0.203125