0 0.6478365384615384 0.19591346153846154 0.2668269230769231 0.3858173076923077
0 0.24278846153846154 0.6370192307692307 0.20552884615384615 0.23918269230769232
0 0.6009615384615384 0.40384615384615385 0.001201923076923077 0.007211538461538462
0 0.7836538461538461 0.5048076923076923 0.42427884615384615 0.25240384615384615
0 0.38221153846153844 0.7067307692307693 0.05889423076923077 0.09254807692307693
0 0.6189903846153846 0.7620192307692307 0.10576923076923077 0.1466346153846154
0 0.26802884615384615 0.4050480769230769 0.12740384615384615 0.10336538461538461
0 0.04447115384615385 0.515625 0.06370192307692307 0.24639423076923078
0 0.8629807692307693 0.7283653846153846 0.07692307692307693 0.10697115384615384
0 0.46033653846153844 0.6370192307692307 0.037259615384615384 0.11778846153846154
0 0.5697115384615384 0.6478365384615384 0.09134615384615384 0.125
0 0.7415865384615384 0.7379807692307693 0.036057692307692304 0.07451923076923077
0 0.6899038461538461 0.546875 0.15144230769230768 0.21394230769230768
0 0.7932692307692307 0.7824519230769231 0.08533653846153846 0.12139423076923077