0 0.13701923076923078 0.21033653846153846 0.21033653846153846 0.328125
0 0.14543269230769232 0.5036057692307693 0.234375 0.27163461538461536
0 0.16826923076923078 0.7752403846153846 0.27403846153846156 0.18629807692307693
0 0.4230769230769231 0.5120192307692307 0.2512019230769231 0.27524038461538464
0 0.39903846153846156 0.20552884615384615 0.234375 0.28966346153846156
0 0.6478365384615384 0.21634615384615385 0.18629807692307693 0.3173076923076923
0 0.65625 0.5108173076923077 0.25841346153846156 0.27884615384615385
0 0.4206730769230769 0.7644230769230769 0.21995192307692307 0.25
0 0.6694711538461539 0.7584134615384616 0.2536057692307692 0.24639423076923078
0 0.8810096153846154 0.20552884615384615 0.23557692307692307 0.3245192307692308
0 0.8894230769230769 0.5324519230769231 0.21875 0.3004807692307692
0 0.8810096153846154 0.7716346153846154 0.234375 0.27884615384615385